1、过程分析
解题思路：项目包括 输入与输出（文件读写、命令行），生成不重复终局，解数独三个部分。

　　（1）输入与输出

　　　　　　文件读写和命令行

　　（2）生成不重复终局

　　　　　　先随便写了一个数独终局

　　　　　　1 2 3  4 5 6  7 8 9

　　　　　　4 5 6  7 8 9  1 2 3

　　　　　　7 8 9  1 2 3  4 5 6

 

　　　　　　2 3 4  5 6 7  8 9 1

　　　　　　5 6 7  8 9 1  2 3 4  

　　　　　　8 9 1  2 3 4  5 6 7

 

　　　　　　3 4 5  6 7 8  9 1 2

　　　　　　6 7 8  9 1 2  3 4 5

　　　　　　9 1 2  3 4 5  6 7 8

　　　　　　只需要生成一定数量的数独终局从简单的入手就好，上图第一行是随手写，后8行都可以看做根据第一行左移得到，第一行全排列有8！=40320种，然后交换2-3（因为数据只要求1e6，可以不　考虑），4-6,7-9行，再乘3!×3!，结果略大于1e6。

　　（3）解数独

　　　　　　用dfs写